&FCI
 ORBSYM=1,1,1,1,1,1,1,1,1,1,1,1,1,1,1,1,1,1,1,1,1,1,1,1,2,2,2,2,2,2,2,2,2,2,2,2,2,2,2,2,2,2,3,3,3,3,3,3,3,3,3,3,3,3,3,3,3,3,3,3,3,3,3,3,3,3,4,4,4,4,4,4,4,4,4,4,4,4,4,4,4,4,4,4,5,5,5,5,5,5,5,5,5,6,6,6,6,6,6,7,7,7,7,7,7,7,7,7,8,8,8,8,8,8,
 NORB=114,
 NAME=DENSITY,
/
2.006976395876596e+00 1 1 0 0
-1.636647028526163e-02 2 1 0 0
1.173861779380672e+00 2 2 0 0
-1.423028317152113e-02 3 1 0 0
-2.694055997237340e-01 3 2 0 0
6.925514382434689e-02 3 3 0 0
-6.428174308076689e-03 4 1 0 0
-7.702105430208127e-03 4 2 0 0
5.684991062817481e-02 4 3 0 0
8.244988543838112e-01 4 4 0 0
5.121157801261181e-03 5 1 0 0
-2.930219986503061e-02 5 2 0 0
-9.752906976820221e-03 5 3 0 0
-1.933441367242683e-01 5 4 0 0
4.962779521514715e-02 5 5 0 0
-7.127030447052277e-04 6 1 0 0
-1.927723636398291e-02 6 2 0 0
5.153319728841268e-03 6 3 0 0
3.763534557495697e-03 6 4 0 0
-8.441328899431074e-04 6 5 0 0
3.972381677425198e-04 6 6 0 0
-3.630814731177034e-04 7 1 0 0
1.631557727218503e-02 7 2 0 0
-4.989426988748191e-03 7 3 0 0
-3.972835159900189e-02 7 4 0 0
7.442163555723188e-03 7 5 0 0
-2.223323436790340e-04 7 6 0 0
4.688626890557275e-03 7 7 0 0
-1.469325591019947e-03 8 1 0 0
-1.506747298374575e-02 8 2 0 0
1.278849660323806e-02 8 3 0 0
5.884087047466086e-03 8 4 0 0
-5.812835146442712e-03 8 5 0 0
1.141262922566085e-03 8 6 0 0
-7.703459991957192e-04 8 7 0 0
2.005937100450826e+00 8 8 0 0
-1.506735312357869e-02 9 1 0 0
2.821897966533324e-01 9 2 0 0
-1.431682242615756e-01 9 3 0 0
-2.372212332374656e-01 9 4 0 0
1.093897503476389e-01 9 5 0 0
-1.376876328094148e-02 9 6 0 0
6.777748081612131e-03 9 7 0 0
-2.701796179420278e-02 9 8 0 0
1.373383422005467e+00 9 9 0 0
1.278854350414627e-02 10 1 0 0
-1.431684345004686e-01 10 2 0 0
5.542003639043485e-02 10 3 0 0
8.760814779209802e-02 10 4 0 0
-3.332508445793856e-02 10 5 0 0
4.953305814568529e-03 10 6 0 0
-1.110266766672237e-03 10 7 0 0
-5.188050271134459e-03 10 8 0 0
-3.706135317378091e-01 10 9 0 0
1.084290381983157e-01 10 10 0 0
1.056294161177436e-02 11 1 0 0
-5.343991196168454e-01 11 2 0 0
1.424611761336434e-01 11 3 0 0
3.954229413267574e-01 11 4 0 0
-7.341280258642174e-02 11 5 0 0
1.009738775288651e-02 11 6 0 0
-2.699025646529322e-03 11 7 0 0
-5.828361496446563e-03 11 8 0 0
8.067901062709251e-02 11 9 0 0
5.579759732704244e-02 11 10 0 0
7.782799469555153e-01 11 11 0 0
-6.528927818710438e-03 12 1 0 0
4.511888146543955e-01 12 2 0 0
-7.152066121690129e-02 12 3 0 0
-3.295074896616845e-01 12 4 0 0
1.125505118149839e-02 12 5 0 0
-1.139336053341175e-03 12 6 0 0
7.485712126222574e-02 12 7 0 0
5.562091967900861e-03 12 8 0 0
-4.905919746783068e-01 12 9 0 0
1.409170064735477e-01 12 10 0 0
-4.391329363840066e-02 12 11 0 0
1.617791279995875e+00 12 12 0 0
-7.737458242175816e-03 13 1 0 0
1.820938642040510e-01 13 2 0 0
-4.580321540875414e-02 13 3 0 0
-9.252669873646430e-02 13 4 0 0
1.513489781536524e-02 13 5 0 0
-3.232078109788478e-03 13 6 0 0
9.845968043725778e-04 13 7 0 0
2.786463404270867e-03 13 8 0 0
-2.016570474417088e-02 13 9 0 0
-1.687194862037779e-02 13 10 0 0
-2.172017052692601e-01 13 11 0 0
3.030122540027079e-02 13 12 0 0
6.210866134315535e-02 13 13 0 0
1.776534380765667e-03 14 1 0 0
-9.662870917267850e-02 14 2 0 0
1.268184958988578e-02 14 3 0 0
4.438626260556987e-02 14 4 0 0
4.591075458481499e-03 14 5 0 0
1.674170771262900e-05 14 6 0 0
-1.475430146578793e-02 14 7 0 0
-2.805578309294151e-03 14 8 0 0
1.310113827907600e-01 14 9 0 0
-3.739884789611098e-02 14 10 0 0
3.248832263088124e-03 14 11 0 0
-3.436344338246241e-01 14 12 0 0
-5.315374072075868e-03 14 13 0 0
7.410233324800250e-02 14 14 0 0
1.141364261344471e-03 15 1 0 0
-1.376948920372071e-02 15 2 0 0
4.953855359233356e-03 15 3 0 0
8.175971246334771e-03 15 4 0 0
-2.791228120477236e-03 15 5 0 0
4.274832268570473e-04 15 6 0 0
-2.184446389644086e-04 15 7 0 0
9.438715969106559e-05 15 8 0 0
-2.901467884031268e-02 15 9 0 0
8.655978744507681e-03 15 10 0 0
6.132973504613635e-03 15 11 0 0
8.469040646990443e-03 15 12 0 0
-1.863813733055545e-03 15 13 0 0
-2.407325940183663e-03 15 14 0 0
6.995843136368069e-04 15 15 0 0
-3.956725624471182e-04 16 1 0 0
2.507593884100129e-02 16 2 0 0
-5.288517951960284e-03 16 3 0 0
-4.102015848094150e-02 16 4 0 0
5.787559201316878e-03 16 5 0 0
-1.498593599892229e-04 16 6 0 0
4.538969622652043e-03 16 7 0 0
1.006256983756297e-03 16 8 0 0
-3.068175603485393e-02 16 9 0 0
7.018013691832024e-03 16 10 0 0
-2.384414266122074e-02 16 11 0 0
8.941035024637199e-02 16 12 0 0
6.966161457513785e-03 16 13 0 0
-1.846297555067252e-02 16 14 0 0
3.717000053908769e-04 16 15 0 0
5.889571804255173e-03 16 16 0 0
1.118190692204587e-03 17 1 0 0
-2.230714549731561e-02 17 2 0 0
4.335572871906740e-03 17 3 0 0
-1.683484308769049e-02 17 4 0 0
4.193196259702568e-03 17 5 0 0
3.388694638672499e-04 17 6 0 0
6.617415467879323e-04 17 7 0 0
4.674165671945788e-04 17 8 0 0
-6.659671844025925e-03 17 9 0 0
2.615289512440117e-03 17 10 0 0
1.665961532880455e-03 17 11 0 0
3.779801746505298e-03 17 12 0 0
-1.432836655823276e-03 17 13 0 0
-3.552445537863898e-04 17 14 0 0
2.206049432868391e-04 17 15 0 0
6.912925896460537e-04 17 16 0 0
8.095614676251702e-04 17 17 0 0
-2.431103508964961e-02 18 1 0 0
5.250290916175980e-01 18 2 0 0
-6.833057923852941e-02 18 3 0 0
8.443491576989659e-01 18 4 0 0
-2.074558826683440e-01 18 5 0 0
-5.570776393703757e-03 18 6 0 0
-4.027553065096023e-02 18 7 0 0
4.691422643251794e-04 18 8 0 0
-7.579599994352276e-02 18 9 0 0
7.314483787823525e-03 18 10 0 0
1.067392891576418e-01 18 11 0 0
-2.826824095868933e-01 18 12 0 0
1.843027159978536e-03 18 13 0 0
3.382984427969968e-02 18 14 0 0
8.658721047245710e-04 18 15 0 0
-3.733148098041884e-02 18 16 0 0
-2.793968831472849e-02 18 17 0 0
1.125180522638991e+00 18 18 0 0
1.073336145179879e-02 19 1 0 0
-2.173987770801309e-01 19 2 0 0
3.433947760591028e-02 19 3 0 0
-2.183685392840773e-01 19 4 0 0
5.788491916678606e-02 19 5 0 0
2.467382071875159e-03 19 6 0 0
5.955127626133680e-03 19 7 0 0
2.003239826668174e-03 19 8 0 0
1.471902209991176e-02 19 9 0 0
5.486125656156428e-04 19 10 0 0
-2.041762849673993e-02 19 11 0 0
-2.886801791820715e-02 19 12 0 0
-5.625002209830931e-03 19 13 0 0
1.313613111207939e-02 19 14 0 0
1.910265302198507e-04 19 15 0 0
4.900149298090631e-03 19 16 0 0
8.568399752500989e-03 19 17 0 0
-3.190649278630044e-01 19 18 0 0
9.985935484941473e-02 19 19 0 0
2.570490678744906e-03 20 1 0 0
-4.072211394437229e-02 20 2 0 0
7.056221773974263e-03 20 3 0 0
-3.173708582139251e-02 20 4 0 0
8.670551403105022e-03 20 5 0 0
5.062797067051405e-04 20 6 0 0
7.784526482241580e-04 20 7 0 0
-1.078731920412590e-04 20 8 0 0
5.750512237649039e-04 20 9 0 0
1.087459050203360e-03 20 10 0 0
1.748983959968407e-03 20 11 0 0
-7.232502865774940e-03 20 12 0 0
-2.383211983945866e-03 20 13 0 0
2.573437949116996e-03 20 14 0 0
1.264585738023851e-04 20 15 0 0
5.269642658277570e-04 20 16 0 0
1.419024490568615e-03 20 17 0 0
-5.060856704946013e-02 20 18 0 0
1.619826578091847e-02 20 19 0 0
2.671558406966311e-03 20 20 0 0
4.687365303367818e-04 21 1 0 0
-7.579324841560771e-02 21 2 0 0
7.321521962767304e-03 21 3 0 0
-4.890151293767714e-02 21 4 0 0
1.850370707783316e-02 21 5 0 0
8.656384325398114e-04 21 6 0 0
4.286220665411893e-02 21 7 0 0
-2.397606452897994e-02 21 8 0 0
4.714300344140432e-01 21 9 0 0
-6.315997174664273e-02 21 10 0 0
5.958523371791475e-01 21 11 0 0
5.874624464406701e-01 21 12 0 0
-1.582716422684042e-01 21 13 0 0
-1.145424203498432e-01 21 14 0 0
-4.957586317026043e-03 21 15 0 0
1.622500936290057e-02 21 16 0 0
2.139223679993730e-03 21 17 0 0
-1.868688560430936e-01 21 18 0 0
9.689870779890364e-04 21 19 0 0
1.713414798322814e-03 21 20 0 0
9.930170388389197e-01 21 21 0 0
2.003336005300387e-03 22 1 0 0
1.471931240070498e-02 22 2 0 0
5.448123603523617e-04 22 3 0 0
-3.211971724169363e-02 22 4 0 0
1.701346339305273e-03 22 5 0 0
1.911176196142847e-04 22 6 0 0
-9.869989352416942e-03 22 7 0 0
1.214838546126698e-02 22 8 0 0
-2.069846487234979e-01 22 9 0 0
3.472486452361941e-02 22 10 0 0
-2.140087216141654e-01 22 11 0 0
-1.114757200198737e-01 22 12 0 0
5.617929144469740e-02 22 13 0 0
2.084884985267917e-02 22 14 0 0
2.602174651581569e-03 22 15 0 0
5.374722891041189e-04 22 16 0 0
8.729461758996506e-04 22 17 0 0
9.650942166018195e-04 22 18 0 0
1.322174500183584e-02 22 19 0 0
1.482251279805926e-03 22 20 0 0
-3.183707647634890e-01 22 21 0 0
1.092048480871575e-01 22 22 0 0
-3.396316928660092e-05 23 1 0 0
-3.778376995150626e-03 23 2 0 0
1.892727578970334e-03 23 3 0 0
3.893873697665671e-03 23 4 0 0
-1.490559899187525e-03 23 5 0 0
1.470052934354121e-04 23 6 0 0
-1.976858757637637e-03 23 7 0 0
2.117894175605841e-03 23 8 0 0
-3.188978199682400e-02 23 9 0 0
6.103671766675898e-03 23 10 0 0
-2.420616544188890e-02 23 11 0 0
-2.369995432847571e-02 23 12 0 0
6.251306383537669e-03 23 13 0 0
4.393557989283758e-03 23 14 0 0
4.893487693663042e-04 23 15 0 0
-5.782005926882323e-04 23 16 0 0
5.186709992165139e-05 23 17 0 0
6.422048377025773e-03 23 18 0 0
7.741971838537000e-04 23 19 0 0
9.425650490630039e-05 23 20 0 0
-4.627081245450988e-02 23 21 0 0
1.529581278282614e-02 23 22 0 0
2.261330176985711e-03 23 23 0 0
-1.568486628118777e-04 24 1 0 0
7.694051020752645e-03 24 2 0 0
-1.104418911041393e-03 24 3 0 0
-1.094795213760381e-02 24 4 0 0
1.028512699647790e-03 24 5 0 0
-1.691153815142770e-06 24 6 0 0
4.392963713770372e-04 24 7 0 0
1.319815479684706e-03 24 8 0 0
-2.539375585091294e-02 24 9 0 0
5.077108383381577e-03 24 10 0 0
-2.066530629111357e-02 24 11 0 0
1.656703939590208e-02 24 12 0 0
5.655181697524376e-03 24 13 0 0
-3.678462867535995e-03 24 14 0 0
3.437431195301644e-04 24 15 0 0
1.588305954368449e-03 24 16 0 0
2.106595629089301e-04 24 17 0 0
-7.697030068021529e-03 24 18 0 0
1.623586670709313e-03 24 19 0 0
1.549116576385746e-04 24 20 0 0
-1.864945829633042e-02 24 21 0 0
7.998842516085958e-03 24 22 0 0
9.668898642659651e-04 24 23 0 0
1.002623016212279e-03 24 24 0 0
8.725348575305771e-01 25 25 0 0
-2.190507683876907e-01 26 25 0 0
5.855079458432320e-02 26 26 0 0
-4.075000054592071e-02 27 25 0 0
1.187826970004720e-02 27 26 0 0
3.539586756456143e-03 27 27 0 0
-1.499483383775376e-02 28 25 0 0
7.558188394858340e-03 28 26 0 0
1.647352218050452e-03 28 27 0 0
2.007195052099734e+00 28 28 0 0
4.802805297464338e-01 29 25 0 0
-1.194996394922062e-01 29 26 0 0
-5.514795081379809e-02 29 27 0 0
-3.542454937177986e-02 29 28 0 0
1.529994043855480e+00 29 29 0 0
-1.117188865399555e-01 30 25 0 0
2.262045542131155e-02 30 26 0 0
1.184025304025344e-02 30 27 0 0
-4.736837315341062e-03 30 28 0 0
-4.109108866349183e-01 30 29 0 0
1.182072587604378e-01 30 30 0 0
-6.915805457808946e-01 31 25 0 0
2.132786415438145e-01 31 26 0 0
4.502473797692426e-02 31 27 0 0
-1.738745493257394e-03 31 28 0 0
-1.522423887737893e-01 31 29 0 0
-3.120841940381611e-02 31 30 0 0
1.028502204389209e+00 31 31 0 0
5.621864954236936e-01 32 25 0 0
-9.118113186011169e-02 32 26 0 0
1.804277806746650e-02 32 27 0 0
1.123721769403804e-02 32 28 0 0
-4.800157962786795e-01 32 29 0 0
7.317887857923601e-02 32 30 0 0
-2.512115940713056e-02 32 31 0 0
1.576530238277527e+00 32 32 0 0
1.417039808651923e-01 33 25 0 0
-4.220256647332767e-02 33 26 0 0
-7.671097147749783e-03 33 27 0 0
3.859129552743873e-03 33 28 0 0
-1.170707956903660e-03 33 29 0 0
1.312487260101670e-02 33 30 0 0
-1.996861306752586e-01 33 31 0 0
4.701848904478405e-02 33 32 0 0
4.013330303776697e-02 33 33 0 0
-1.325001613545904e-01 34 25 0 0
2.017695528214358e-02 34 26 0 0
-4.444332489946717e-03 34 27 0 0
-3.942494528378655e-03 34 28 0 0
9.688172160427061e-02 34 29 0 0
-1.088534147039540e-02 34 30 0 0
-1.142306084556607e-02 34 31 0 0
-3.799198024449519e-01 34 32 0 0
-7.669775961456418e-03 34 33 0 0
9.219410021533669e-02 34 34 0 0
-9.177400235833143e-03 35 25 0 0
2.184000142757735e-03 35 26 0 0
1.034721492081152e-03 35 27 0 0
8.023077149405969e-04 35 28 0 0
-3.030028795243253e-02 35 29 0 0
8.286971276386100e-03 35 30 0 0
1.618367163054415e-03 35 31 0 0
8.428521359420869e-03 35 32 0 0
2.719241526328110e-04 35 33 0 0
-1.626302556105554e-03 35 34 0 0
6.029790765483252e-04 35 35 0 0
-9.176126575903328e-04 36 25 0 0
2.185068997329153e-03 36 26 0 0
2.284350676358943e-03 36 27 0 0
1.653041254352757e-03 36 28 0 0
-5.076514219265488e-02 36 29 0 0
1.111956554325031e-02 36 30 0 0
1.385639082576859e-02 36 31 0 0
5.922915243970754e-02 36 32 0 0
-6.982042104243654e-04 36 33 0 0
-1.404367940873356e-02 36 34 0 0
9.568132652326102e-04 36 35 0 0
3.119761707181377e-03 36 36 0 0
-1.535692269142365e-02 37 25 0 0
3.756121256216160e-03 37 26 0 0
7.091614205740802e-04 37 27 0 0
5.332628192627539e-04 37 28 0 0
-9.937655961979337e-03 37 29 0 0
2.515985722506296e-03 37 30 0 0
1.080824757563258e-02 37 31 0 0
-1.037197233655394e-02 37 32 0 0
-2.218456437458936e-03 37 33 0 0
2.499359741196575e-03 37 34 0 0
1.938919067308836e-04 37 35 0 0
1.980758888910145e-05 37 36 0 0
2.747866787508147e-04 37 37 0 0
1.355003311897758e-02 38 25 0 0
-3.759341474669301e-03 38 26 0 0
-8.548432043224803e-04 38 27 0 0
-2.729205213930494e-04 38 28 0 0
9.486908724083500e-03 38 29 0 0
-1.778419738387780e-03 38 30 0 0
-1.437012697475908e-02 38 31 0 0
2.341209162442501e-03 38 32 0 0
2.738680273950760e-03 38 33 0 0
-4.466193939730730e-04 38 34 0 0
-1.729907270462920e-04 38 35 0 0
-2.968811051726694e-04 38 36 0 0
-2.308995025711559e-04 38 37 0 0
2.500488266388803e-04 38 38 0 0
-9.023393636769039e-02 39 25 0 0
8.066811016182382e-02 39 26 0 0
2.153385100541495e-02 39 27 0 0
-2.113748772629708e-02 39 28 0 0
3.339818029935798e-01 39 29 0 0
-1.772335943641932e-01 39 30 0 0
7.827392256833199e-01 39 31 0 0
5.255694653997163e-01 39 32 0 0
-1.454970530555042e-01 39 33 0 0
-1.498623871459913e-01 39 34 0 0
-8.310744016247384e-03 39 35 0 0
1.731499170525574e-02 39 36 0 0
-4.641642200344390e-04 39 37 0 0
-6.628835337786022e-03 39 38 0 0
1.064170182596215e+00 39 39 0 0
4.727935671389405e-03 40 25 0 0
-1.863048559708225e-02 40 26 0 0
-3.894024653727244e-03 40 27 0 0
1.113010433800882e-02 40 28 0 0
-1.712915004623149e-01 40 29 0 0
7.223483470990853e-02 40 30 0 0
-2.276850395927561e-01 40 31 0 0
-1.353131920112476e-01 40 32 0 0
4.369691862889226e-02 40 33 0 0
4.043998185600216e-02 40 34 0 0
3.901254322346980e-03 40 35 0 0
-2.832387002985899e-03 40 36 0 0
6.016868378345060e-04 40 37 0 0
1.546962492321877e-03 40 38 0 0
-3.347075142691008e-01 40 39 0 0
1.083579110655525e-01 40 40 0 0
-7.919287048341054e-03 41 25 0 0
-4.258644190231081e-04 41 26 0 0
-9.919560275764138e-05 41 27 0 0
2.087686778018875e-03 41 28 0 0
-2.993167027733327e-02 41 29 0 0
1.150706153166263e-02 41 30 0 0
-2.498100507267385e-02 41 31 0 0
-2.330078868631514e-02 41 32 0 0
4.748881310120378e-03 41 33 0 0
6.693552365209002e-03 41 34 0 0
6.601462627320680e-04 41 35 0 0
-3.226677473901125e-04 41 36 0 0
2.359610798172624e-04 41 37 0 0
7.846649087980134e-05 41 38 0 0
-4.588364213009525e-02 41 39 0 0
1.515483502891574e-02 41 40 0 0
2.205414455199504e-03 41 41 0 0
6.064567483472006e-03 42 25 0 0
-2.273434735071225e-03 42 26 0 0
1.062528117623016e-04 42 27 0 0
1.428128476151657e-03 42 28 0 0
-2.502554759139541e-02 42 29 0 0
8.095050634056931e-03 42 30 0 0
-1.803334318454763e-02 42 31 0 0
1.121222454903107e-02 42 32 0 0
4.109623578254539e-03 42 33 0 0
-2.013042621135515e-03 42 34 0 0
5.223689570031246e-04 42 35 0 0
7.104983754123619e-04 42 36 0 0
-5.315434972826933e-05 42 37 0 0
1.224743800467860e-04 42 38 0 0
-2.107804913898983e-02 42 39 0 0
7.486299365285113e-03 42 40 0 0
1.010269294367092e-03 42 41 0 0
8.277726706105457e-04 42 42 0 0
2.007953359507098e+00 43 43 0 0
-2.250690911913870e-02 44 43 0 0
1.221368589417457e+00 44 44 0 0
-1.839899132213796e-02 45 43 0 0
-2.524473133020159e-01 45 44 0 0
8.146408196919684e-02 45 45 0 0
-2.248986987497922e-03 46 43 0 0
-7.652971526259587e-02 46 44 0 0
2.481628138155111e-02 46 45 0 0
9.083751527942310e-01 46 46 0 0
7.394073244694048e-03 47 43 0 0
-3.787748869913105e-02 47 44 0 0
-3.632370662884658e-03 47 45 0 0
-2.121090917816826e-01 47 46 0 0
5.506871987983668e-02 47 47 0 0
-4.026542457833728e-04 48 43 0 0
-1.930110411352827e-02 48 44 0 0
5.642452233694494e-03 48 45 0 0
4.517689868284120e-03 48 46 0 0
-7.052101410125180e-04 48 47 0 0
4.073090727715611e-04 48 48 0 0
-3.851327956032446e-04 49 43 0 0
8.155743828261561e-04 49 44 0 0
-7.505794143905865e-03 49 45 0 0
-3.486975686056772e-02 49 46 0 0
1.047391142709420e-02 49 47 0 0
-5.291689942862240e-04 49 48 0 0
3.038099579275093e-03 49 49 0 0
-1.072091271123474e-03 50 43 0 0
-1.827208670736168e-02 50 44 0 0
1.932338803258499e-02 50 45 0 0
8.997539825971472e-03 50 46 0 0
-8.519116767136792e-03 50 47 0 0
1.703924965222896e-03 50 48 0 0
-1.277484308573298e-03 50 49 0 0
2.008710795687522e+00 50 50 0 0
-1.827273371563076e-02 51 43 0 0
4.364459662899729e-01 51 44 0 0
-2.241389200848946e-01 51 45 0 0
-4.176410820720966e-01 51 46 0 0
1.206540856705013e-01 51 47 0 0
-1.555462174460157e-02 51 48 0 0
4.691081822997363e-02 51 49 0 0
-9.585066256080689e-03 51 50 0 0
9.127849189707248e-01 51 51 0 0
1.932303361443786e-02 52 43 0 0
-2.241412128962059e-01 52 44 0 0
5.198324358776719e-02 52 45 0 0
-2.156257940719436e-02 52 46 0 0
1.351210497109738e-02 52 47 0 0
3.740396413453876e-03 52 48 0 0
-3.296410362730928e-04 52 49 0 0
-3.206237122737202e-02 52 50 0 0
-9.396075764941304e-02 52 51 0 0
4.470769648139998e-02 52 52 0 0
-8.487243682463551e-03 53 43 0 0
2.071123274749289e-01 53 44 0 0
-1.075331024687780e-01 53 45 0 0
-1.088114731397329e-01 53 46 0 0
3.670860649694761e-02 53 47 0 0
-7.170939644546744e-03 53 48 0 0
1.930158529879889e-02 53 49 0 0
-1.348687018488568e-02 53 50 0 0
4.034847366446564e-01 53 51 0 0
-4.837968416538527e-02 53 52 0 0
1.864144254643695e-01 53 53 0 0
1.529003346578309e-02 54 43 0 0
-6.018070840885671e-01 54 44 0 0
3.718052565775996e-02 54 45 0 0
4.472133523960057e-01 54 46 0 0
-4.937054636173085e-02 54 47 0 0
5.935191247348088e-03 54 48 0 0
5.922726669431994e-03 54 49 0 0
-2.155625822384291e-03 54 50 0 0
1.965840580728505e-02 54 51 0 0
7.420369950185482e-02 54 52 0 0
5.616383827152754e-02 54 53 0 0
7.703187683595150e-01 54 54 0 0
2.286513079085831e-03 55 43 0 0
-4.316188970585615e-02 55 44 0 0
2.634314495784925e-02 55 45 0 0
1.082873874420263e-01 55 46 0 0
-2.896508703971754e-02 55 47 0 0
1.981317570230778e-03 55 48 0 0
-8.060509136163810e-03 55 49 0 0
1.133657063141036e-02 55 50 0 0
-1.347624457510249e-01 55 51 0 0
7.257800489496331e-03 55 52 0 0
-5.467417097486916e-02 55 53 0 0
1.745663539541015e-02 55 54 0 0
2.315280558312883e-02 55 55 0 0
-1.115640439393259e-02 56 43 0 0
1.642298264772100e-01 56 44 0 0
3.909062351010436e-04 56 45 0 0
-9.069106696705663e-02 56 46 0 0
2.761210850158430e-03 56 47 0 0
-9.364650900087108e-04 56 48 0 0
-5.272562041845027e-03 56 49 0 0
8.947682155337696e-03 56 50 0 0
-6.442682167013969e-02 56 51 0 0
-1.941965071307568e-02 56 52 0 0
-4.098671858760186e-02 56 53 0 0
-2.279729416124390e-01 56 54 0 0
4.643226172341173e-03 56 55 0 0
7.173152383976064e-02 56 56 0 0
1.929987629621452e-03 57 43 0 0
-6.819902115155069e-02 57 44 0 0
6.206251088273277e-03 57 45 0 0
1.120839626677714e-02 57 46 0 0
3.011556209500494e-03 57 47 0 0
6.608451636262814e-04 57 48 0 0
1.614342278939348e-03 57 49 0 0
1.333878302417636e-04 57 50 0 0
8.520413171950583e-03 57 51 0 0
1.048529730319806e-02 57 52 0 0
5.279558984903417e-03 57 53 0 0
6.187367282701010e-02 57 54 0 0
-1.282154850898516e-03 57 55 0 0
-1.943079226483481e-02 57 56 0 0
6.052101366432574e-03 57 57 0 0
1.704031025224061e-03 58 43 0 0
-1.555500025103262e-02 58 44 0 0
3.740461474379393e-03 58 45 0 0
1.554335584820768e-03 58 46 0 0
1.798546442938198e-04 58 47 0 0
2.766989073321569e-04 58 48 0 0
-1.656249942075771e-04 58 49 0 0
-1.607396667669591e-03 58 50 0 0
-8.302721585573380e-03 58 51 0 0
2.997800140291518e-03 58 52 0 0
-3.911125894182328e-03 58 53 0 0
6.205530915434545e-03 58 54 0 0
9.213219598568553e-04 58 55 0 0
-1.493097419525324e-03 58 56 0 0
7.227269235372378e-04 58 57 0 0
2.116743335197950e-04 58 58 0 0
-7.879674800402394e-04 59 43 0 0
2.430119190201854e-02 59 44 0 0
-1.008929523633572e-02 59 45 0 0
-4.897105686938738e-02 59 46 0 0
1.197747415856671e-02 59 47 0 0
-8.132730226332000e-04 59 48 0 0
2.959856501508469e-03 59 49 0 0
-1.267927858997258e-03 59 50 0 0
4.994818909669397e-02 59 51 0 0
-3.614522434948272e-03 59 52 0 0
1.932709399943337e-02 59 53 0 0
-1.894239858354597e-02 59 54 0 0
-9.008940917085428e-03 59 55 0 0
1.914179125528812e-03 59 56 0 0
-4.538825349680628e-04 59 57 0 0
-4.276023092488565e-04 59 58 0 0
3.708554529140756e-03 59 59 0 0
-2.339797765492486e-02 60 43 0 0
5.042822841590107e-01 60 44 0 0
-8.783804186629199e-02 60 45 0 0
8.668225616210756e-01 60 46 0 0
-2.312705311376809e-01 60 47 0 0
-4.267963109529470e-03 60 48 0 0
-3.605348346719203e-02 60 49 0 0
3.193717431171635e-03 60 50 0 0
-2.408018373376160e-01 60 51 0 0
-1.264417730082334e-01 60 52 0 0
-2.592256872861497e-02 60 53 0 0
1.355438593514897e-01 60 54 0 0
9.129975174773869e-02 60 55 0 0
-3.213395748539905e-03 60 56 0 0
-2.328140430067815e-02 60 57 0 0
-5.716680000153688e-03 60 58 0 0
-3.830694239546958e-02 60 59 0 0
1.103410206840307e+00 60 60 0 0
9.890944956636687e-03 61 43 0 0
-1.908056477022378e-01 61 44 0 0
3.991242373794885e-02 61 45 0 0
-2.417752061482645e-01 61 46 0 0
6.518143494339126e-02 61 47 0 0
2.254744945145071e-03 61 48 0 0
8.907225449782038e-03 61 49 0 0
1.754255535227135e-03 61 50 0 0
2.758487840517133e-02 61 51 0 0
4.571923830049912e-02 61 52 0 0
-1.222107499662958e-02 61 53 0 0
-3.062444944238506e-02 61 54 0 0
-2.116547426295061e-02 61 55 0 0
6.087316004682389e-04 61 56 0 0
7.866202895346466e-03 61 57 0 0
2.328334809970320e-03 61 58 0 0
9.038547889973519e-03 61 59 0 0
-3.303145961576169e-01 61 60 0 0
1.013959659355738e-01 61 61 0 0
2.572725497572034e-03 62 43 0 0
-3.745485766028674e-02 62 44 0 0
8.057109221662445e-03 62 45 0 0
-3.263000805222296e-02 62 46 0 0
9.251042237566336e-03 62 47 0 0
5.010910371786733e-04 62 48 0 0
1.156043315122747e-03 62 49 0 0
-7.141923990560187e-05 62 50 0 0
-1.387145420869045e-03 62 51 0 0
8.424338293089388e-03 62 52 0 0
-4.163054654788135e-03 62 53 0 0
4.410840606491884e-04 62 54 0 0
-2.374697906689786e-03 62 55 0 0
-1.101014628582351e-03 62 56 0 0
1.634517274196785e-03 62 57 0 0
4.692079262301160e-04 62 58 0 0
9.816075843522383e-04 62 59 0 0
-5.007723161505684e-02 62 60 0 0
1.575022912928611e-02 62 61 0 0
2.520439221535835e-03 62 62 0 0
3.194291002281918e-03 63 43 0 0
-2.407968567068700e-01 63 44 0 0
-1.264406869058908e-01 63 45 0 0
1.044217743827610e-01 63 46 0 0
4.286521095929265e-02 63 47 0 0
-5.715958540498613e-03 63 48 0 0
3.931602448250544e-02 63 49 0 0
-2.565283604811848e-02 63 50 0 0
6.745338818743707e-01 63 51 0 0
1.578728721249024e-03 63 52 0 0
3.412232868506418e-01 63 53 0 0
7.186449403418758e-01 63 54 0 0
-8.136953791764226e-02 63 55 0 0
-2.550391470956602e-01 63 56 0 0
6.291093464210848e-02 63 57 0 0
-2.257825843130892e-04 63 58 0 0
1.874145753954384e-02 63 59 0 0
-5.547434828112163e-02 63 60 0 0
-6.234185312614771e-03 63 61 0 0
-2.825190375222459e-04 63 62 0 0
1.142610702137939e+00 63 63 0 0
1.753894370699242e-03 64 43 0 0
2.758273214404735e-02 64 44 0 0
4.571851261762758e-02 64 45 0 0
-3.263123049196677e-02 64 46 0 0
-1.005445363173803e-02 64 47 0 0
2.328094101500926e-03 64 48 0 0
-1.133146236063551e-02 64 49 0 0
8.649151441784587e-03 64 50 0 0
-2.103036157794787e-01 64 51 0 0
7.581722870194345e-03 64 52 0 0
-1.064483331514027e-01 64 53 0 0
-1.910701348118340e-01 64 54 0 0
2.472915205149793e-02 64 55 0 0
6.918763102485520e-02 64 56 0 0
-1.602918234093505e-02 64 57 0 0
6.084406278158366e-04 64 58 0 0
-6.075311075104035e-03 64 59 0 0
-6.235040934144342e-03 64 60 0 0
9.857167966746915e-03 64 61 0 0
1.581625291598953e-03 64 62 0 0
-3.258943106749595e-01 64 63 0 0
9.442127454061267e-02 64 64 0 0
-2.720854325689564e-04 65 43 0 0
7.521349934398418e-03 65 44 0 0
2.671960377853488e-03 65 45 0 0
-1.061323881865507e-02 65 46 0 0
7.904770007954929e-04 65 47 0 0
8.476539520413552e-05 65 48 0 0
-6.514777575232153e-04 65 49 0 0
1.144332849470056e-03 65 50 0 0
-1.242701423106365e-02 65 51 0 0
-3.912197059835433e-05 65 52 0 0
-7.203222219333694e-03 65 53 0 0
-2.195738484115466e-02 65 54 0 0
9.992868804314773e-04 65 55 0 0
7.156457399177400e-03 65 56 0 0
-1.688216787956235e-03 65 57 0 0
-2.127406744504123e-05 65 58 0 0
-6.427577663137632e-06 65 59 0 0
-5.881865947942055e-03 65 60 0 0
2.130571649672453e-03 65 61 0 0
2.643456209707534e-04 65 62 0 0
-2.899639075408512e-02 65 63 0 0
8.262750138625062e-03 65 64 0 0
8.073447954461162e-04 65 65 0 0
7.453156118809821e-05 66 43 0 0
-5.943902701934252e-03 66 44 0 0
8.184733749543456e-03 66 45 0 0
4.165073010915286e-03 66 46 0 0
-2.928267033911730e-03 66 47 0 0
4.928057401391843e-04 66 48 0 0
-1.825090151154516e-03 66 49 0 0
2.368011042804917e-03 66 50 0 0
-3.494087306802230e-02 66 51 0 0
2.447290891088978e-03 66 52 0 0
-1.669056080292592e-02 66 53 0 0
-1.718949621329573e-02 66 54 0 0
4.572244503529656e-03 66 55 0 0
7.246874667349341e-03 66 56 0 0
-1.542634536458332e-03 66 57 0 0
2.077995916430939e-04 66 58 0 0
-1.418799940556072e-03 66 59 0 0
3.069543726109021e-03 66 60 0 0
5.962009292583147e-04 66 61 0 0
1.994515291373079e-04 66 62 0 0
-4.085090937954319e-02 66 63 0 0
1.212424924939344e-02 66 64 0 0
9.558598046567684e-04 66 65 0 0
1.700176228278545e-03 66 66 0 0
9.639714230447805e-01 67 67 0 0
-2.177102716062383e-01 68 67 0 0
5.047464221932949e-02 68 68 0 0
-5.077524856475434e-02 69 67 0 0
1.137910312584124e-02 69 68 0 0
2.680600240889028e-03 69 69 0 0
-1.093471421213587e-02 70 67 0 0
5.406857617401480e-03 70 68 0 0
9.016276712327480e-04 70 69 0 0
2.008014631536358e+00 70 70 0 0
6.579455019049483e-01 71 67 0 0
-1.747348850020340e-01 71 68 0 0
-3.287098823710399e-02 71 69 0 0
-5.711379488622172e-03 71 70 0 0
9.743418688205714e-01 71 71 0 0
-1.331791262688317e-01 72 67 0 0
3.388675623227053e-02 72 68 0 0
6.748440507671765e-03 72 69 0 0
-2.327231166038275e-02 72 70 0 0
-1.681750654864904e-01 72 71 0 0
3.006758802064876e-02 72 72 0 0
3.487874761536153e-01 73 67 0 0
-9.097131260673402e-02 73 68 0 0
-1.754100654125265e-02 73 69 0 0
-1.198949597971746e-02 73 70 0 0
4.829202045046639e-01 73 71 0 0
-8.410199390663106e-02 73 72 0 0
2.403825414247233e-01 73 73 0 0
-7.591563751957056e-01 74 67 0 0
1.503236758787061e-01 74 68 0 0
4.142586219159018e-02 74 69 0 0
-5.303112768123196e-03 74 70 0 0
-9.402080129172027e-02 74 71 0 0
4.267347243190765e-02 74 72 0 0
-7.690000429423303e-02 74 73 0 0
9.404412755769791e-01 74 74 0 0
-1.100922690135250e-01 75 67 0 0
2.911315697121100e-02 75 68 0 0
5.510559143705413e-03 75 69 0 0
7.926176911878854e-03 75 70 0 0
-1.603161787405425e-01 75 71 0 0
2.765541689413427e-02 75 72 0 0
-7.956947998371298e-02 75 73 0 0
1.787364114308528e-02 75 74 0 0
2.640870680066684e-02 75 75 0 0
1.172033215213984e-01 76 67 0 0
-2.095580941143236e-02 76 68 0 0
-6.547951222827291e-03 76 69 0 0
6.082554443545572e-03 76 70 0 0
-3.057594954446845e-02 76 71 0 0
-2.066810571774418e-05 76 72 0 0
-9.171410460895535e-03 76 73 0 0
-1.816418005043664e-01 76 74 0 0
4.571050080984487e-03 76 75 0 0
3.755591595069866e-02 76 76 0 0
-7.526121651102786e-02 77 67 0 0
1.551496483688623e-02 77 68 0 0
4.065263235973132e-03 77 69 0 0
1.611938793332484e-04 77 70 0 0
-2.160061756980804e-02 77 71 0 0
6.028190023537822e-03 77 72 0 0
-1.335117350599733e-02 77 73 0 0
8.331268550600805e-02 77 74 0 0
3.765653565638110e-03 77 75 0 0
-1.541987522582017e-02 77 76 0 0
7.563259164184693e-03 77 77 0 0
-6.035057436243205e-03 78 67 0 0
1.630476105358359e-03 78 68 0 0
2.992083320429327e-04 78 69 0 0
-1.519618561019498e-03 78 70 0 0
-9.541503417851899e-03 78 71 0 0
1.650674138465746e-03 78 72 0 0
-4.704393306976976e-03 78 73 0 0
3.864755410056669e-04 78 74 0 0
1.563054767909564e-03 78 75 0 0
4.015787299048280e-04 78 76 0 0
1.645072760798666e-04 78 77 0 0
9.498572029296469e-05 78 78 0 0
-1.997628927831934e-03 79 67 0 0
-3.327006512832309e-04 79 68 0 0
1.585590490261372e-04 79 69 0 0
-6.431025112673525e-04 79 70 0 0
1.436624055081485e-02 79 71 0 0
-2.029326048075242e-03 79 72 0 0
6.612935404770734e-03 79 73 0 0
1.427966571492877e-02 79 74 0 0
-2.324966352051350e-03 79 75 0 0
-3.556826267092344e-03 79 76 0 0
1.047673160641466e-03 79 77 0 0
-1.493094642025213e-04 79 78 0 0
4.754366522253245e-04 79 79 0 0
1.705729518858919e-02 80 67 0 0
-3.698490637035656e-03 80 68 0 0
-9.089421818338288e-04 80 69 0 0
-1.188132448317877e-04 80 70 0 0
8.553180375943513e-03 80 71 0 0
-1.903171200314860e-03 80 72 0 0
4.731365902920353e-03 80 73 0 0
-1.592803688513725e-02 80 74 0 0
-1.446869597855005e-03 80 75 0 0
2.724476205887614e-03 80 76 0 0
-1.506827729407919e-03 80 77 0 0
-7.496751157759158e-05 80 78 0 0
-1.278822825123239e-04 80 79 0 0
3.199955100633364e-04 80 80 0 0
-2.981821766543665e-01 81 67 0 0
2.837546745930360e-02 81 68 0 0
1.835907446796666e-02 81 69 0 0
-2.463941533299542e-02 81 70 0 0
5.786065224760619e-01 81 71 0 0
-7.349308916449745e-02 81 72 0 0
2.568420861036405e-01 81 73 0 0
8.665918100529163e-01 81 74 0 0
-9.287600790328271e-02 81 75 0 0
-2.010136201908144e-01 81 76 0 0
6.761675176905328e-02 81 77 0 0
-6.183128970710914e-03 81 78 0 0
2.405037442687050e-02 81 79 0 0
-9.877156063749386e-03 81 80 0 0
1.257288748253049e+00 81 81 0 0
-1.479603924486914e-02 82 67 0 0
1.419036845885635e-02 82 68 0 0
4.112911392231602e-05 82 69 0 0
9.315405590356967e-03 82 70 0 0
-2.278019785656761e-01 82 71 0 0
3.395111518713712e-02 82 72 0 0
-1.068816295690306e-01 82 73 0 0
-1.642081205476766e-01 82 74 0 0
3.702529192206352e-02 82 75 0 0
4.406668596445484e-02 82 76 0 0
-1.118628934088612e-02 82 77 0 0
2.332258897815873e-03 82 78 0 0
-6.492189573861018e-03 82 79 0 0
1.018887529585783e-03 82 80 0 0
-3.197335469018419e-01 82 81 0 0
9.050476667592264e-02 82 82 0 0
6.876176077587916e-03 83 67 0 0
-5.546209268379016e-04 83 68 0 0
-4.299954344825458e-04 83 69 0 0
1.250439247625107e-03 83 70 0 0
-1.532597358209407e-02 83 71 0 0
1.978108420729717e-03 83 72 0 0
-6.850349565761727e-03 83 73 0 0
-2.159042098458754e-02 83 74 0 0
2.465708241706433e-03 83 75 0 0
5.055562868612294e-03 83 76 0 0
-1.671922224695580e-03 83 77 0 0
1.625180475425720e-04 83 78 0 0
-6.142421299219682e-04 83 79 0 0
2.394619992168073e-04 83 80 0 0
-3.195685549218472e-02 83 81 0 0
8.198468763538060e-03 83 82 0 0
8.129951552894768e-04 83 83 0 0
-1.221154721593764e-02 84 67 0 0
4.269604471005170e-03 84 68 0 0
5.405960513745025e-04 84 69 0 0
2.333956818165847e-03 84 70 0 0
-3.864169561735523e-02 84 71 0 0
6.117672250790062e-03 84 72 0 0
-1.855640552436418e-02 84 73 0 0
-1.487194852202265e-02 84 74 0 0
6.316960443156217e-03 84 75 0 0
4.903890502336060e-03 84 76 0 0
-7.650384588473407e-04 84 77 0 0
3.875136218305193e-04 84 78 0 0
-8.830825251185901e-04 84 79 0 0
-3.775324486655424e-05 84 80 0 0
-4.138457173243633e-02 84 81 0 0
1.275969536274258e-02 84 82 0 0
1.069550886889893e-03 84 83 0 0
1.905958196365783e-03 84 84 0 0
4.145356700613948e-01 85 85 0 0
-2.847325543517716e-02 86 85 0 0
1.955745509081940e-03 86 86 0 0
-2.020070083851822e-02 87 85 0 0
1.387527676109368e-03 87 86 0 0
9.843985544280751e-04 87 87 0 0
5.862300129206776e-01 88 85 0 0
-4.026644293164328e-02 88 86 0 0
-2.856752257729082e-02 88 87 0 0
8.290375301070695e-01 88 88 0 0
-4.026468681979765e-02 89 85 0 0
2.765664804352572e-03 89 86 0 0
1.962134869317506e-03 89 87 0 0
-5.694170509167785e-02 89 88 0 0
3.910990348445219e-03 89 89 0 0
-2.474057174650294e-02 90 85 0 0
1.699358269569838e-03 90 86 0 0
1.205630599535578e-03 90 87 0 0
-3.498773867269203e-02 90 88 0 0
2.403101699229253e-03 90 89 0 0
1.476581955548493e-03 90 90 0 0
-1.428228394345445e-02 91 85 0 0
9.810087485583065e-04 91 86 0 0
6.959887075333360e-04 91 87 0 0
-2.019778780308109e-02 91 88 0 0
1.387267083600905e-03 91 89 0 0
8.524040176195899e-04 91 90 0 0
4.920773997838251e-04 91 91 0 0
9.517215967516614e-03 92 85 0 0
-6.537100202612550e-04 92 86 0 0
-4.637826041529743e-04 92 87 0 0
1.345910145387446e-02 92 88 0 0
-9.244264076760367e-04 92 89 0 0
-5.680123122732360e-04 92 90 0 0
-3.279032194723298e-04 92 91 0 0
2.185032708016134e-04 92 92 0 0
1.345853630046718e-02 93 85 0 0
-9.244279070364466e-04 93 86 0 0
-6.558467344675297e-04 93 87 0 0
1.903285646841383e-02 93 88 0 0
-1.307254811415699e-03 93 89 0 0
-8.032406062795695e-04 93 90 0 0
-4.636962529137545e-04 93 91 0 0
3.089910129066523e-04 93 92 0 0
4.369520223052605e-04 93 93 0 0
3.626083791050032e-03 94 94 0 0
7.068978749959111e-02 95 94 0 0
1.378083448890825e+00 95 95 0 0
5.062432429058691e-03 96 94 0 0
9.869112057599994e-02 96 95 0 0
7.067741281114664e-03 96 96 0 0
-3.387960628119547e-04 97 94 0 0
-6.604762345808889e-03 97 95 0 0
-4.729984948086324e-04 97 96 0 0
3.165474897744805e-05 97 97 0 0
-3.156174641297545e-03 98 94 0 0
-6.152900141348201e-02 98 95 0 0
-4.406384898030866e-03 98 96 0 0
2.948910184198740e-04 98 97 0 0
2.747161659903363e-03 98 98 0 0
1.777200942843740e-03 99 94 0 0
3.464618145443279e-02 99 95 0 0
2.481178098590081e-03 99 96 0 0
-1.660493019348557e-04 99 97 0 0
-1.546891045964830e-03 99 98 0 0
8.710342543766936e-04 99 99 0 0
9.187158539353912e-01 100 100 0 0
6.577787170924530e-02 101 100 0 0
4.709539285802084e-03 101 101 0 0
-2.432512291486671e-02 102 100 0 0
-1.741620989288218e-03 102 101 0 0
6.440637791203129e-04 102 102 0 0
6.496426470261280e-01 103 100 0 0
4.651286957756616e-02 103 101 0 0
-1.720078865729605e-02 103 102 0 0
4.593755153209688e-01 103 103 0 0
4.650813682174830e-02 104 100 0 0
3.329872064569952e-03 104 101 0 0
-1.231410277600397e-03 104 102 0 0
3.288684851111611e-02 104 103 0 0
2.354380607850677e-03 104 104 0 0
5.261868954885703e-02 105 100 0 0
3.767373117408650e-03 105 101 0 0
-1.393201266106781e-03 105 102 0 0
3.720774450025925e-02 105 103 0 0
2.663715013120302e-03 105 104 0 0
3.013691859108493e-03 105 105 0 0
-5.023977865045669e-02 106 100 0 0
-3.597048750835013e-03 106 101 0 0
1.330214108805396e-03 106 102 0 0
-3.552556826866807e-02 106 103 0 0
-2.543287447757604e-03 106 104 0 0
-2.877441707888045e-03 106 105 0 0
2.747351477646740e-03 106 106 0 0
2.309785986229047e-02 107 100 0 0
1.653751871453735e-03 107 101 0 0
-6.115691568985320e-04 107 102 0 0
1.633296601696850e-02 107 103 0 0
1.169282561265694e-03 107 104 0 0
1.322910791329764e-03 107 105 0 0
-1.263101493035026e-03 107 106 0 0
5.807139693221497e-04 107 107 0 0
1.633236535983821e-02 108 100 0 0
1.169358544043924e-03 108 101 0 0
-4.324370730806120e-04 108 102 0 0
1.154894739120208e-02 108 103 0 0
8.267930498035747e-04 108 104 0 0
9.354226976562763e-04 108 105 0 0
-8.931318829449111e-04 108 106 0 0
4.106195454071263e-04 108 107 0 0
2.903467455194279e-04 108 108 0 0
0.000000000000000e+00 109 109 0 0
0.000000000000000e+00 110 109 0 0
0.000000000000000e+00 110 110 0 0
0.000000000000000e+00 111 109 0 0
0.000000000000000e+00 111 110 0 0
0.000000000000000e+00 111 111 0 0
0.000000000000000e+00 112 109 0 0
0.000000000000000e+00 112 110 0 0
0.000000000000000e+00 112 111 0 0
0.000000000000000e+00 112 112 0 0
0.000000000000000e+00 113 109 0 0
0.000000000000000e+00 113 110 0 0
0.000000000000000e+00 113 111 0 0
0.000000000000000e+00 113 112 0 0
0.000000000000000e+00 113 113 0 0
0.000000000000000e+00 114 109 0 0
0.000000000000000e+00 114 110 0 0
0.000000000000000e+00 114 111 0 0
0.000000000000000e+00 114 112 0 0
0.000000000000000e+00 114 113 0 0
0.000000000000000e+00 114 114 0 0
0.000000000000000e+00 0 0 0 0
